-0.240
-0.170
0.650
-0.301
1.010
-0.070
1.380
-0.790
0.530
-0.050
-1.480
-0.097
0.980
-0.100
0.640
0.189
0.019
0.362
-0.001
0.241
0.088
0.088
-0.670
-0.150
-0.463
-0.400
-0.836
0.549
-0.590
-0.380
-1.270
0.019
-0.230
0.000
0.040
0.930
-0.560
-0.118
-1.400
-0.922
-0.060
-0.139
-0.660
-0.120
-1.120
0.690
-1.540
-0.730
0.820
-0.430
0.390
0.848
-1.820
-0.120
0.740
-0.550
-0.010
-0.090
-1.100
-0.050
1.380
0.070
0.380
1.400
0.480
0.830
0.420
-0.022
-0.070
-0.347
-0.520
-0.400
-1.890
-2.150
-1.700
0.950
-1.420
0.350
0.150
0.600
-0.230
-1.000
0.380
0.060
-0.310
-0.890
-0.252
-0.781
-1.090
-0.150
-0.620
1.033
1.010
0.240
0.590
0.346
-1.230
1.260
-1.000
-0.170
-0.950
-0.878
0.890
-0.830
0.640
-0.046
0.270
-2.000
0.579
-0.980
-0.093
-0.447
-0.290
0.060
-0.140
0.720
0.790
0.320
0.080
-1.399
1.340
0.040
-0.022
0.285
-0.252
1.132
-0.180
-2.000
1.033
-0.741
-1.260
-0.494
-0.300
0.480
-0.770
0.000
0.340
0.770
0.440
0.300
-1.060
-1.600
0.630
-0.185
0.930
-0.060
-1.520
1.150
0.990
0.398
-0.920
0.530
-0.010
1.110
-1.340
-0.405
0.460
-0.659
-0.930
0.000
0.345
1.370
0.970
0.555
0.320
0.750
-0.640
0.780
-0.820
1.640
0.160
0.390
0.520
0.000
1.030
0.580
0.060
0.545
0.050
-0.030
0.300
0.480
0.880
0.410
-0.150
-1.000
-0.420
0.360
-0.220
0.480
-0.370
0.490
0.460
0.110
0.850
0.320
1.260
0.620
-0.890
0.370
0.870
0.980
0.630
0.920
0.960
0.520
1.000
-0.520
0.050
-0.096
0.079
-0.135
0.480
-1.260
-0.070
0.050
0.880
-0.480
-0.230
0.696
1.110
0.550
1.080
0.230
0.495
-0.010
-1.230
-1.424
-0.668
-0.020
0.880
-0.250
0.610
0.030
-0.273
-1.210
-1.145
-0.440
-0.967
0.300
0.230
0.200
1.600
-0.670
-0.180
-0.040
-1.150
-1.570
-0.270
-0.280
-0.460
-0.240
-0.020
0.440
0.220
-0.282
-1.300
-0.601
-0.280
0.260
-0.481
0.180
-0.130
1.140
-1.875
0.088
0.640
1.000
-0.292
-0.341
-0.205
-0.160
0.285
0.400
-0.820
0.280
0.620
1.520
1.410
1.440
0.887
0.160
0.380
-0.870
-0.650
-1.300
-1.890
-1.390
0.470
0.580
0.330
0.410
-0.280
-0.200
-0.142
-0.470
-0.065
-1.030
-0.040
-1.170
-2.150
-0.348
-0.420
-1.175
-0.720
0.140
-0.480